AMSAgitated:
  AMSAgitated_0: 0
  AMSAgitated_1: 0.62822334672033
  AMSAgitated_92: -0.3939076465798362
AMSRepeat:
  AMSRepeat_0: 0
  AMSRepeat_1: 0.21610368742168276
  AMSRepeat_92: -0.3939076465798362
AMSSleep:
  AMSSleep_0: 0
  AMSSleep_1: 0.2534867998977422
  AMSSleep_92: -0.3939076465798362
ActNorm:
  ActNorm_0: 0
  ActNorm_1: -0.8229562309625854
ClavOcc:
  ClavOcc_0: 0
  ClavOcc_1: 0.42961590332616534
  ClavOcc_92: -0.47129242743609406
HASeverity:
  HASeverity_1: 0
  HASeverity_2: 0.017364049071771685
  HASeverity_3: 0.1909458251147049
  HASeverity_92: -0.1867863704722038
HAStart:
  HAStart_1: 0
  HAStart_2: -0.43284350071015143
  HAStart_3: -0.7710454559146094
  HAStart_4: -0.5187911773076335
  HAStart_92: -0.1867863704722038
HA_verb:
  HA_verb_0: 0
  HA_verb_1: 0.18684606884094054
  HA_verb_91: 0.47085771957752565
HemaLoc:
  HemaLoc_1: 0
  HemaLoc_2: 0.3433070874269228
  HemaLoc_3: 1.1908754811982125
  HemaLoc_92: 0.04951247058517954
HemaSize:
  HemaSize_1: 0
  HemaSize_2: 0.00107199594292051
  HemaSize_3: 0.7627448486251756
  HemaSize_92: 0.04951247058517954
High_impact_InjSev:
  High_impact_InjSev_1: 0
  High_impact_InjSev_2: 0.3847979288252603
  High_impact_InjSev_3: 1.3985359552864662
Intercept: -3.7130853790828064
LOCSeparate:
  LOCSeparate_0: 0
  LOCSeparate_1: 0.8826039573743438
  LOCSeparate_2: 0.5693428713605614
SeizLen:
  SeizLen_1: 0
  SeizLen_2: 0.3544328579128892
  SeizLen_3: 0.20906518464482804
  SeizLen_4: 0.739020047759778
  SeizLen_92: -0.30851372399253807
SeizOccur:
  SeizOccur_1: 0
  SeizOccur_2: 0.842142624210599
  SeizOccur_3: 0.19568711566435412
  SeizOccur_92: -0.30851372399253807
VomitLast:
  VomitLast_1: 0
  VomitLast_2: -0.4611648917110867
  VomitLast_3: -1.1976829624109873
  VomitLast_92: -0.21689979557061714
VomitStart:
  VomitStart_1: 0
  VomitStart_2: 0.5156454977101618
  VomitStart_3: 0.49582838380698435
  VomitStart_4: 0.6246906852567954
  VomitStart_92: -0.21689979557061714
