AMSAgitated:
  AMSAgitated_0: 0
  AMSAgitated_1: 0.4892206005735199
  AMSAgitated_92: -0.5466087654090855
AMSRepeat:
  AMSRepeat_0: 0
  AMSRepeat_1: 0.0007481879869068959
  AMSRepeat_92: -0.5466087654090855
ActNorm:
  ActNorm_0: 0
  ActNorm_1: -0.7863290095289293
Clav:
  Clav_0: 0
  Clav_1: 0.5389718234074964
Drugs:
  Drugs_0: 0
  Drugs_1: 0.27468223003348513
GCSEye:
  GCSEye_3: 0
  GCSEye_4: -0.9568814335300344
GCSVerbal:
  GCSVerbal_4: 0
  GCSVerbal_5: -0.6565560746389901
HASeverity:
  HASeverity_1: 0
  HASeverity_2: 0.023803726698535407
  HASeverity_3: 0.22547088304604201
  HASeverity_92: -0.1997839501873868
HAStart:
  HAStart_1: 0
  HAStart_2: -0.4185322026842233
  HAStart_3: -0.7604786515324603
  HAStart_4: -0.5601698779896154
  HAStart_92: -0.1997839501873868
HA_verb:
  HA_verb_0: 0
  HA_verb_1: 0.19485800822291396
  HA_verb_91: 0.4229981973203337
HemaLoc:
  HemaLoc_1: 0
  HemaLoc_2: 0.6087999815691563
  HemaLoc_3: 1.1890974663731435
  HemaLoc_92: 0.06226502739655599
HemaSize:
  HemaSize_1: 0
  HemaSize_2: 0.006679331843115316
  HemaSize_3: 0.7636519082317081
  HemaSize_92: 0.06226502739655599
High_impact_InjSev:
  High_impact_InjSev_1: 0
  High_impact_InjSev_2: 0.3463877263701906
  High_impact_InjSev_3: 1.358866737819863
Intercept: -1.9653737209942328
LOCSeparate:
  LOCSeparate_0: 0
  LOCSeparate_1: 0.3669271444011429
  LOCSeparate_2: 0.0935458713228164
LocLen:
  LocLen_1: 0
  LocLen_2: -0.16532625740065718
  LocLen_3: 0.05478041919912214
  LocLen_4: 0.3595577276637771
  LocLen_92: -0.4653989576884289
SeizLen:
  SeizLen_1: 0
  SeizLen_2: 0.3138491564153001
  SeizLen_3: 0.12141719359586882
  SeizLen_4: 0.7593535212314458
  SeizLen_92: -0.33820917177966087
SeizOccur:
  SeizOccur_1: 0
  SeizOccur_2: 0.7770080777004738
  SeizOccur_3: 0.15730448262163343
  SeizOccur_92: -0.33820917177966087
VomitLast:
  VomitLast_1: 0
  VomitLast_2: -0.4500219374023083
  VomitLast_3: -1.178385565268239
  VomitLast_92: -0.1977257212161193
VomitNbr:
  VomitNbr_1: 0
  VomitNbr_2: -0.4466015359318599
  VomitNbr_3: -0.07417103257861381
  VomitNbr_92: -0.1977257212161193
VomitStart:
  VomitStart_1: 0
  VomitStart_2: 0.4928777392005996
  VomitStart_3: 0.5140652106953713
  VomitStart_4: 0.6685178995132451
  VomitStart_92: -0.1977257212161193
