AMSAgitated:
  AMSAgitated_0: 0
  AMSAgitated_1: 0.4866427791233127
  AMSAgitated_92: -1.0800962375443195
ActNorm:
  ActNorm_0: 0
  ActNorm_1: -0.7946144049376919
Clav:
  Clav_0: 0
  Clav_1: 0.5384235919492406
Dizzy:
  Dizzy_0: 0
  Dizzy_1: -0.10610893010853112
Drugs:
  Drugs_0: 0
  Drugs_1: 0.2742439067290856
GCSEye:
  GCSEye_3: 0
  GCSEye_4: -0.9618096387952083
GCSVerbal:
  GCSVerbal_4: 0
  GCSVerbal_5: -0.6628092658677306
HASeverity:
  HASeverity_1: 0
  HASeverity_2: 0.030935901344637303
  HASeverity_3: 0.2441381557584742
  HASeverity_92: -0.19984075146707508
HAStart:
  HAStart_1: 0
  HAStart_2: -0.41244945210159734
  HAStart_3: -0.7590085581688288
  HAStart_4: -0.562673775840029
  HAStart_92: -0.19984075146707508
HA_verb:
  HA_verb_0: 0
  HA_verb_1: 0.20036556431483724
  HA_verb_91: 0.42055323200667893
HemaLoc:
  HemaLoc_1: 0
  HemaLoc_2: 0.6079359249485308
  HemaLoc_3: 1.1880223292308079
  HemaLoc_92: 0.06214417870293195
HemaSize:
  HemaSize_1: 0
  HemaSize_2: 0.006584829125064444
  HemaSize_3: 0.7636653264998026
  HemaSize_92: 0.06214417870293195
High_impact_InjSev:
  High_impact_InjSev_1: 0
  High_impact_InjSev_2: 0.3456175686046201
  High_impact_InjSev_3: 1.3547791869075796
Intercept: -1.9507091036552413
LOCSeparate:
  LOCSeparate_0: 0
  LOCSeparate_1: 0.3703176266148897
  LOCSeparate_2: 0.09505892954211823
LocLen:
  LocLen_1: 0
  LocLen_2: -0.1620994291115459
  LocLen_3: 0.055070491977628776
  LocLen_4: 0.36082507168996153
  LocLen_92: -0.4648517433092621
SeizLen:
  SeizLen_1: 0
  SeizLen_2: 0.31334874677762103
  SeizLen_3: 0.11585487713367057
  SeizLen_4: 0.7574422988403803
  SeizLen_92: -0.3389729166457595
SeizOccur:
  SeizOccur_1: 0
  SeizOccur_2: 0.7719869016475346
  SeizOccur_3: 0.1540647681023485
  SeizOccur_92: -0.3389729166457595
VomitLast:
  VomitLast_1: 0
  VomitLast_2: -0.4498546403321901
  VomitLast_3: -1.177114804678544
  VomitLast_92: -0.19828356193872423
VomitNbr:
  VomitNbr_1: 0
  VomitNbr_2: -0.4434250293895481
  VomitNbr_3: -0.07512832311107216
  VomitNbr_92: -0.19828356193872423
VomitStart:
  VomitStart_1: 0
  VomitStart_2: 0.49592256967706494
  VomitStart_3: 0.5139885470703947
  VomitStart_4: 0.6691366093158183
  VomitStart_92: -0.19828356193872423
