AMSAgitated:
  AMSAgitated_0: 0
  AMSAgitated_1: -0.08478536299507697
  AMSAgitated_92: 0.4697703917750969
AMSRepeat:
  AMSRepeat_0: 0
  AMSRepeat_1: -0.38607067020437996
  AMSRepeat_92: 0.06869652264399766
AMSSleep:
  AMSSleep_0: 0
  AMSSleep_1: 0
  AMSSleep_92: 0
ActNorm:
  ActNorm_0: 0
  ActNorm_1: 0.31628850613602366
ClavOcc:
  ClavOcc_0: 0
  ClavOcc_1: 0
  ClavOcc_92: 0
HASeverity:
  HASeverity_1: 0
  HASeverity_2: -0.6607989695679892
  HASeverity_3: -1.0890154158801684
  HASeverity_92: -0.00506293426638453
HAStart:
  HAStart_1: 0
  HAStart_2: 0.44724678566734255
  HAStart_3: -0.44326949282532313
  HAStart_4: -0.41712633855240117
  HAStart_92: -0.22683182159769785
HA_verb:
  HA_verb_0: 0
  HA_verb_1: -0.0712781077837711
  HA_verb_91: 0.06179110621525635
HemaLoc:
  HemaLoc_1: 0
  HemaLoc_2: -0.4802083684280993
  HemaLoc_3: -0.3355794025039432
  HemaLoc_92: -0.6786972533950938
HemaSize:
  HemaSize_1: 0
  HemaSize_2: -0.4645594698136377
  HemaSize_3: 0.06179110621525635
  HemaSize_92: -1.181816968576231
High_impact_InjSev:
  High_impact_InjSev_1: 0
  High_impact_InjSev_2: -0.06287674763963576
  High_impact_InjSev_3: -0.3711123067081783
Intercept: -0.8069588062365293
LOCSeparate:
  LOCSeparate_0: 0
  LOCSeparate_1: -0.3768337655200165
  LOCSeparate_2: -0.004922069776421136
SeizLen:
  SeizLen_1: 0
  SeizLen_2: 0.691406598055705
  SeizLen_3: -0.16560180181495357
  SeizLen_4: -0.8346478572674052
  SeizLen_92: -0.32129042898118065
SeizOccur:
  SeizOccur_1: 0
  SeizOccur_2: 0.6234151731783497
  SeizOccur_3: -1.080837734109188
  SeizOccur_92: 0.014288784990251345
VomitLast:
  VomitLast_1: 0
  VomitLast_2: -0.2587955921627814
  VomitLast_3: -0.10836139865748215
  VomitLast_92: 0.3254106034602651
VomitStart:
  VomitStart_1: 0
  VomitStart_2: -0.37903758809806426
  VomitStart_3: 0.7173951930867106
  VomitStart_4: 0.1947968351936077
  VomitStart_92: -0.399234291013854
