AMSAgitated:
  AMSAgitated_0: 0.24056991832186236
  AMSAgitated_1: 0.6003897161267988
  AMSAgitated_92: -0.8675427818917425
ActNorm:
  ActNorm_0: -0.593590827133748
  ActNorm_1: -1.00755477411546
Clav:
  Clav_0: -0.41246201960013573
  Clav_1: 0.12265580747048677
Dizzy:
  Dizzy_0: -0.5889004299897466
  Dizzy_1: -0.5064172808719317
Drugs:
  Drugs_0: 0.152825712299846
  Drugs_1: 0.23342958613680123
GCSEye:
  GCSEye_3: 0.3867412560705593
  GCSEye_4: -0.4133244035136196
GCSVerbal:
  GCSVerbal_4: 0.28101110106903193
  GCSVerbal_5: -0.30759424851221656
HASeverity:
  HASeverity_1: -0.24178166641168128
  HASeverity_2: -0.044929050838586865
  HASeverity_3: 0.12425917493866395
  HASeverity_92: -0.014829500097559366
HAStart:
  HAStart_1: -0.4828244418884387
  HAStart_2: -0.2789808597718851
  HAStart_3: -0.6521313953609928
  HAStart_4: -0.49950051205454626
  HAStart_92: -0.014829500097559366
HA_verb:
  HA_verb_0: -0.7995174924694053
  HA_verb_1: -0.01175364734568034
  HA_verb_91: -0.512882833777447
HemaLoc:
  HemaLoc_1: -0.45393187633855253
  HemaLoc_2: 0.21371781637916928
  HemaLoc_3: 0.7322312503207025
  HemaLoc_92: -0.1926558181192205
HemaSize:
  HemaSize_1: -0.0334139941856576
  HemaSize_2: -0.0388018979190594
  HemaSize_3: 0.6889676610538511
  HemaSize_92: -0.1926558181192205
High_impact_InjSev:
  High_impact_InjSev_1: -0.8034000751598876
  High_impact_InjSev_2: -0.3262249364723721
  High_impact_InjSev_3: 0.6019954185630845
Intercept: -0.2946933654192735
LOCSeparate:
  LOCSeparate_0: -1.0358809059372767
  LOCSeparate_1: 0.07994745936887604
  LOCSeparate_2: -0.16453616850910788
LocLen:
  LocLen_1: -0.09879895646953324
  LocLen_2: -0.1396742629147408
  LocLen_3: 0.03691242722969549
  LocLen_4: 0.3803107482351903
  LocLen_92: 0.05800556169717042
SeizLen:
  SeizLen_1: -0.0611200860901185
  SeizLen_2: 0.3338797061923259
  SeizLen_3: 0.19225982217157614
  SeizLen_4: 0.8096440242893292
  SeizLen_92: -0.4263136731818282
SeizOccur:
  SeizOccur_1: -0.42442828088784595
  SeizOccur_2: 0.671000070701875
  SeizOccur_3: 0.13109420342417236
  SeizOccur_92: -0.4263136731818282
VomitLast:
  VomitLast_1: 0.2389186833440282
  VomitLast_2: -0.2186850802954521
  VomitLast_3: -0.9832231816994629
  VomitLast_92: -0.13402813167734845
VomitNbr:
  VomitNbr_1: 0.1899930692868497
  VomitNbr_2: -0.29800495682132666
  VomitNbr_3: 0.03225804392965726
  VomitNbr_92: -0.13402813167734845
VomitStart:
  VomitStart_1: -0.4640358147926416
  VomitStart_2: 0.3434082660630648
  VomitStart_3: 0.4831843355631658
  VomitStart_4: 0.6814888797793244
  VomitStart_92: -0.13402813167734845
